H = 1.00794
C = 12.011
N = 14.00674
O = 15.9994
Fe = 55.845
H2O
CH3(CH2)16CH3
Fe3[Fe(CN)6]2
